c VarOld 1 : 1
c VarOld 4 : 2
c VarOld 2 : 3
c VarOld 5 : 4
c VarOld 3 : 5
c VarOld 78 : 6
c VarOld 81 : 7
c VarOld 79 : 8
c VarOld 82 : 9
c VarOld 80 : 10
c VarOld 6 : 11
c VarOld 7 : 12
c VarOld 14 : 13
c VarOld 15 : 14
c VarOld 16 : 15
c VarOld 17 : 16
c VarOld 18 : 17
c VarOld 19 : 18
c VarOld 20 : 19
c VarOld 21 : 20
c VarOld 22 : 21
c VarOld 23 : 22
c VarOld 24 : 23
c VarOld 25 : 24
c VarOld 26 : 25
c VarOld 27 : 26
c VarOld 28 : 27
c VarOld 29 : 28
c VarOld 30 : 29
c VarOld 31 : 30
c VarOld 32 : 31
c VarOld 33 : 32
c VarOld 34 : 33
c VarOld 35 : 34
c VarOld 36 : 35
c VarOld 37 : 36
c VarOld 38 : 37
c VarOld 39 : 38
c VarOld 40 : 39
c VarOld 41 : 40
c VarOld 42 : 41
c VarOld 43 : 42
c VarOld 44 : 43
c VarOld 45 : 44
c VarOld 46 : 45
c VarOld 47 : 46
c VarOld 48 : 47
c VarOld 49 : 48
c VarOld 50 : 49
c VarOld 51 : 50
c VarOld 52 : 51
c VarOld 53 : 52
c VarOld 54 : 53
c VarOld 55 : 54
c VarOld 56 : 55
c VarOld 57 : 56
c VarOld 58 : 57
c VarOld 59 : 58
c VarOld 60 : 59
c VarOld 61 : 60
c VarOld 62 : 61
c VarOld 63 : 62
c VarOld 64 : 63
c VarOld 65 : 64
c VarOld 66 : 65
c VarOld 67 : 66
c VarOld 68 : 67
c VarOld 69 : 68
c VarOld 70 : 69
c VarOld 71 : 70
c VarOld 72 : 71
c VarOld 73 : 72
c VarOld 74 : 73
c VarOld 75 : 74
c VarOld 76 : 75
c VarOld 77 : 76
c VarOld 8 : 140
c VarOld 83 : 141
c VarOld 84 : 142
c VarOld 85 : 143
c VarOld 86 : 144
c VarOld 87 : 145
c VarOld 88 : 146
c VarOld 89 : 147
c VarOld 90 : 148
c VarOld 91 : 149
c VarOld 92 : 150
c VarOld 9 : 151
c VarOld 10 : 152
c VarOld 11 : 153
c VarOld 12 : 154
c VarOld 13 : 155
c TseitinStart 93
p cnf 815 2170
a 1 2 3 4 5 0
e 6 7 8 9 10 11 12 13 14 15 16 17 18 19 20 21 22 23 24 25 26 27 28 29 30 31 32 33 34 35 36 37 38 39 40 41 42 43 44 45 46 47 48 49 50 51 52 53 54 55 56 57 58 59 60 61 62 63 64 65 66 67 68 69 70 71 72 73 74 75 76 77 78 79 80 81 82 83 84 85 86 87 88 89 90 91 92 93 94 95 96 97 98 99 100 101 102 103 104 105 106 107 108 109 110 111 112 113 114 115 116 117 118 119 120 121 122 123 124 125 126 127 128 129 130 131 132 133 134 135 136 137 138 139 140 141 142 143 144 145 146 147 148 149 150 151 152 153 154 155 156 157 158 159 160 161 162 163 164 165 166 167 168 169 170 171 172 173 174 175 176 177 178 179 180 181 182 183 184 185 186 187 188 189 190 191 192 193 194 195 196 197 198 199 200 201 202 203 204 205 206 207 208 209 210 211 212 213 214 215 216 217 218 219 220 221 222 223 224 225 226 227 228 229 230 231 232 233 234 235 236 237 238 239 240 241 242 243 244 245 246 247 248 249 250 251 252 253 254 255 256 257 258 259 260 261 262 263 264 265 266 267 268 269 270 271 272 273 274 275 276 277 278 279 280 281 282 283 284 285 286 287 288 289 290 291 292 293 294 295 296 297 298 299 300 301 302 303 304 305 306 307 308 309 310 311 312 313 314 315 316 317 318 319 320 321 322 323 324 325 326 327 328 329 330 331 332 333 334 335 336 337 338 339 340 341 342 343 344 345 346 347 348 349 350 351 352 353 354 355 356 357 358 359 360 361 362 363 364 365 366 367 368 369 370 371 372 373 374 375 376 377 378 379 380 381 382 383 384 385 386 387 388 389 390 391 392 393 394 395 396 397 398 399 400 401 402 403 404 405 406 407 408 409 410 411 412 413 414 415 416 417 418 419 420 421 422 423 424 425 426 427 428 429 430 431 432 433 434 435 436 437 438 439 440 441 442 443 444 445 446 447 448 449 450 451 452 453 454 455 456 457 458 459 460 461 462 463 464 465 466 467 468 469 470 471 472 473 474 475 476 477 478 479 480 481 482 483 484 485 486 487 488 489 490 491 492 493 494 495 496 497 498 499 500 501 502 503 504 505 506 507 508 509 510 511 512 513 514 515 516 517 518 519 520 521 522 523 524 525 526 527 528 529 530 531 532 533 534 535 536 537 538 539 540 541 542 543 544 545 546 547 548 549 550 551 552 553 554 555 556 557 558 559 560 561 562 563 564 565 566 567 568 569 570 571 572 573 574 575 576 577 578 579 580 581 582 583 584 585 586 587 588 589 590 591 592 593 594 595 596 597 598 599 600 601 602 603 604 605 606 607 608 609 610 611 612 613 614 615 616 617 618 619 620 621 622 623 624 625 626 627 628 629 630 631 632 633 634 635 636 637 638 639 640 641 642 643 644 645 646 647 648 649 650 651 652 653 654 655 656 657 658 659 660 661 662 663 664 665 666 667 668 669 670 671 672 673 674 675 676 677 678 679 680 681 682 683 684 685 686 687 688 689 690 691 692 693 694 695 696 697 698 699 700 701 702 703 704 705 706 707 708 709 710 711 712 713 714 715 716 717 718 719 720 721 722 723 724 725 726 727 728 729 730 731 732 733 734 735 736 737 738 739 740 741 742 743 744 745 746 747 748 749 750 751 752 753 754 755 756 757 758 759 760 761 762 763 764 765 766 767 768 769 770 771 772 773 774 775 776 777 778 779 780 781 782 783 784 785 786 787 788 789 790 791 792 793 794 795 796 797 798 799 800 801 802 803 804 805 806 807 808 809 810 811 812 813 814 815 0
1 2 93 0
-1 -93 0
-2 -93 0
3 -93 94 0
93 -94 0
-3 -94 0
1 4 95 0
-1 -95 0
-4 -95 0
2 -95 96 0
95 -96 0
-2 -96 0
5 -96 97 0
96 -97 0
-5 -97 0
1 2 98 0
-1 -98 0
-2 -98 0
3 -98 99 0
98 -99 0
-3 -99 0
1 2 100 0
-1 -100 0
-2 -100 0
5 -100 101 0
100 -101 0
-5 -101 0
2 4 102 0
-4 -102 0
-2 -102 0
3 -102 103 0
102 -103 0
-3 -103 0
1 5 104 0
-1 -104 0
-5 -104 0
3 -104 105 0
104 -105 0
-3 -105 0
1 2 106 0
-1 -106 0
-2 -106 0
5 -106 107 0
106 -107 0
-5 -107 0
2 4 108 0
-4 -108 0
-2 -108 0
3 -108 109 0
108 -109 0
-3 -109 0
2 4 110 0
-4 -110 0
-2 -110 0
1 4 111 0
-1 -111 0
-4 -111 0
2 -111 112 0
111 -112 0
-2 -112 0
3 -112 113 0
112 -113 0
-3 -113 0
2 3 114 0
-2 -114 0
-3 -114 0
4 5 115 0
-4 -115 0
-5 -115 0
3 -115 116 0
115 -116 0
-3 -116 0
1 4 117 0
-1 -117 0
-4 -117 0
3 -117 118 0
117 -118 0
-3 -118 0
1 2 119 0
-1 -119 0
-2 -119 0
2 5 120 0
-2 -120 0
-5 -120 0
-2 4 121 0
-4 -121 0
2 -121 0
-5 -121 122 0
121 -122 0
5 -122 0
-3 -122 123 0
122 -123 0
3 -123 0
-1 4 124 0
1 -124 0
-4 -124 0
-5 -124 125 0
124 -125 0
5 -125 0
-3 -125 126 0
125 -126 0
3 -126 0
-1 4 127 0
1 -127 0
-4 -127 0
-2 -127 128 0
127 -128 0
2 -128 0
-2 4 129 0
-4 -129 0
2 -129 0
-3 -129 130 0
129 -130 0
3 -130 0
-1 4 131 0
1 -131 0
-4 -131 0
-2 -131 132 0
131 -132 0
2 -132 0
-3 -132 133 0
132 -133 0
3 -133 0
-1 4 134 0
1 -134 0
-4 -134 0
-2 -134 135 0
134 -135 0
2 -135 0
-3 -135 136 0
135 -136 0
3 -136 0
-1 4 137 0
1 -137 0
-4 -137 0
-5 -137 138 0
137 -138 0
5 -138 0
-3 -138 139 0
138 -139 0
3 -139 0
-1 4 140 0
1 -140 0
-4 -140 0
-2 -140 141 0
140 -141 0
2 -141 0
-5 -141 142 0
141 -142 0
5 -142 0
-2 4 143 0
-4 -143 0
2 -143 0
-5 -143 144 0
143 -144 0
5 -144 0
-1 4 145 0
1 -145 0
-4 -145 0
-2 -145 146 0
145 -146 0
2 -146 0
-5 -146 147 0
146 -147 0
5 -147 0
-3 -147 148 0
147 -148 0
3 -148 0
1 -4 149 0
-1 -149 0
4 -149 0
-2 -149 150 0
149 -150 0
2 -150 0
-5 -150 151 0
150 -151 0
5 -151 0
-3 -151 152 0
151 -152 0
3 -152 0
1 -4 153 0
-1 -153 0
4 -153 0
-2 -153 154 0
153 -154 0
2 -154 0
-3 -154 155 0
154 -155 0
3 -155 0
1 -4 156 0
-1 -156 0
4 -156 0
-2 -156 157 0
156 -157 0
2 -157 0
-5 -157 158 0
157 -158 0
5 -158 0
-3 -158 159 0
158 -159 0
3 -159 0
1 -2 160 0
-1 -160 0
2 -160 0
-5 -160 161 0
160 -161 0
5 -161 0
-3 -161 162 0
161 -162 0
3 -162 0
1 -4 163 0
-1 -163 0
4 -163 0
-2 -163 164 0
163 -164 0
2 -164 0
-5 -164 165 0
164 -165 0
5 -165 0
1 -4 166 0
-1 -166 0
4 -166 0
-2 -166 167 0
166 -167 0
2 -167 0
-5 -167 168 0
167 -168 0
5 -168 0
1 -4 169 0
-1 -169 0
4 -169 0
-2 -169 170 0
169 -170 0
2 -170 0
-5 -170 171 0
170 -171 0
5 -171 0
-3 -171 172 0
171 -172 0
3 -172 0
1 -2 173 0
-1 -173 0
2 -173 0
-5 -173 174 0
173 -174 0
5 -174 0
-3 -174 175 0
174 -175 0
3 -175 0
1 -4 176 0
-1 -176 0
4 -176 0
-5 -176 177 0
176 -177 0
5 -177 0
-3 -177 178 0
177 -178 0
3 -178 0
-1 -4 179 0
1 -179 0
4 -179 0
-2 -179 180 0
179 -180 0
2 -180 0
3 -180 181 0
180 -181 0
-3 -181 0
-1 -4 182 0
1 -182 0
4 -182 0
3 -182 183 0
182 -183 0
-3 -183 0
-4 -5 184 0
4 -184 0
5 -184 0
3 -184 185 0
184 -185 0
-3 -185 0
-2 -4 186 0
4 -186 0
2 -186 0
3 -186 187 0
186 -187 0
-3 -187 0
-1 -2 188 0
1 -188 0
2 -188 0
-5 -188 189 0
188 -189 0
5 -189 0
3 -189 190 0
189 -190 0
-3 -190 0
-1 -2 191 0
1 -191 0
2 -191 0
-5 -191 192 0
191 -192 0
5 -192 0
3 -192 193 0
192 -193 0
-3 -193 0
-2 -4 194 0
4 -194 0
2 -194 0
3 -194 195 0
194 -195 0
-3 -195 0
-1 -4 196 0
1 -196 0
4 -196 0
-2 -196 197 0
196 -197 0
2 -197 0
-5 -197 198 0
197 -198 0
5 -198 0
3 -198 199 0
198 -199 0
-3 -199 0
-2 -5 200 0
2 -200 0
5 -200 0
3 -200 201 0
200 -201 0
-3 -201 0
-1 -4 202 0
1 -202 0
4 -202 0
-2 -202 203 0
202 -203 0
2 -203 0
5 -203 204 0
203 -204 0
-5 -204 0
-3 -204 205 0
204 -205 0
3 -205 0
-2 -4 206 0
4 -206 0
2 -206 0
5 -206 207 0
206 -207 0
-5 -207 0
-3 -207 208 0
207 -208 0
3 -208 0
-1 -2 209 0
1 -209 0
2 -209 0
5 -209 210 0
209 -210 0
-5 -210 0
-1 -4 211 0
1 -211 0
4 -211 0
-2 -211 212 0
211 -212 0
2 -212 0
5 -212 213 0
212 -213 0
-5 -213 0
-1 -2 214 0
1 -214 0
2 -214 0
5 -214 215 0
214 -215 0
-5 -215 0
-3 -215 216 0
215 -216 0
3 -216 0
-1 -4 217 0
1 -217 0
4 -217 0
-2 -217 218 0
217 -218 0
2 -218 0
5 -218 219 0
218 -219 0
-5 -219 0
-3 -219 220 0
219 -220 0
3 -220 0
-4 5 221 0
4 -221 0
-5 -221 0
-3 -221 222 0
221 -222 0
3 -222 0
-1 -2 223 0
1 -223 0
2 -223 0
5 -223 224 0
223 -224 0
-5 -224 0
-3 -224 225 0
224 -225 0
3 -225 0
-1 -2 226 0
1 -226 0
2 -226 0
5 -226 227 0
226 -227 0
-5 -227 0
-3 -227 228 0
227 -228 0
3 -228 0
-2 -4 229 0
4 -229 0
2 -229 0
5 -229 230 0
229 -230 0
-5 -230 0
2 -4 231 0
4 -231 0
-2 -231 0
-5 -231 232 0
231 -232 0
5 -232 0
2 -4 233 0
4 -233 0
-2 -233 0
-5 -233 234 0
233 -234 0
5 -234 0
-3 -234 235 0
234 -235 0
3 -235 0
-1 2 236 0
1 -236 0
-2 -236 0
-5 -236 237 0
236 -237 0
5 -237 0
-3 -237 238 0
237 -238 0
3 -238 0
-1 -4 239 0
1 -239 0
4 -239 0
2 -239 240 0
239 -240 0
-2 -240 0
-5 -240 241 0
240 -241 0
5 -241 0
-1 2 242 0
1 -242 0
-2 -242 0
-5 -242 243 0
242 -243 0
5 -243 0
-3 -243 244 0
243 -244 0
3 -244 0
-1 2 245 0
1 -245 0
-2 -245 0
-3 -245 246 0
245 -246 0
3 -246 0
-1 -4 247 0
1 -247 0
4 -247 0
2 -247 248 0
247 -248 0
-2 -248 0
-3 -248 249 0
248 -249 0
3 -249 0
2 -5 250 0
-2 -250 0
5 -250 0
-3 -250 251 0
250 -251 0
3 -251 0
2 -5 252 0
-2 -252 0
5 -252 0
2 -5 253 0
-2 -253 0
5 -253 0
-3 -253 254 0
253 -254 0
3 -254 0
-2 -5 -255 0
2 255 0
5 255 0
6 255 -256 0
-255 256 0
-6 256 0
-6 7 -257 0
6 257 0
-7 257 0
-6 8 -258 0
6 258 0
-8 258 0
-6 9 -259 0
6 259 0
-9 259 0
-6 10 -260 0
6 260 0
-10 260 0
-6 11 -261 0
6 261 0
-11 261 0
-6 12 -262 0
6 262 0
-12 262 0
-6 13 -263 0
6 263 0
-13 263 0
-14 15 -264 0
14 264 0
-15 264 0
-14 16 -265 0
14 265 0
-16 265 0
-14 17 -266 0
14 266 0
-17 266 0
-14 18 -267 0
14 267 0
-18 267 0
-14 19 -268 0
14 268 0
-19 268 0
-14 20 -269 0
14 269 0
-20 269 0
-14 21 -270 0
14 270 0
-21 270 0
-14 22 -271 0
14 271 0
-22 271 0
-14 23 -272 0
14 272 0
-23 272 0
-14 24 -273 0
14 273 0
-24 273 0
-14 25 -274 0
14 274 0
-25 274 0
-14 26 -275 0
14 275 0
-26 275 0
-14 27 -276 0
14 276 0
-27 276 0
-14 28 -277 0
14 277 0
-28 277 0
-14 29 -278 0
14 278 0
-29 278 0
-14 30 -279 0
14 279 0
-30 279 0
-14 31 -280 0
14 280 0
-31 280 0
-14 32 -281 0
14 281 0
-32 281 0
-14 33 -282 0
14 282 0
-33 282 0
-14 34 -283 0
14 283 0
-34 283 0
-14 35 -284 0
14 284 0
-35 284 0
-14 36 -285 0
14 285 0
-36 285 0
-14 37 -286 0
14 286 0
-37 286 0
-14 38 -287 0
14 287 0
-38 287 0
-14 39 -288 0
14 288 0
-39 288 0
-14 40 -289 0
14 289 0
-40 289 0
-14 41 -290 0
14 290 0
-41 290 0
-14 42 -291 0
14 291 0
-42 291 0
-14 43 -292 0
14 292 0
-43 292 0
-14 44 -293 0
14 293 0
-44 293 0
-14 45 -294 0
14 294 0
-45 294 0
-14 46 -295 0
14 295 0
-46 295 0
-14 47 -296 0
14 296 0
-47 296 0
-14 48 -297 0
14 297 0
-48 297 0
-14 49 -298 0
14 298 0
-49 298 0
-14 50 -299 0
14 299 0
-50 299 0
-14 51 -300 0
14 300 0
-51 300 0
-14 52 -301 0
14 301 0
-52 301 0
-14 53 -302 0
14 302 0
-53 302 0
-14 54 -303 0
14 303 0
-54 303 0
-14 55 -304 0
14 304 0
-55 304 0
-14 56 -305 0
14 305 0
-56 305 0
-14 57 -306 0
14 306 0
-57 306 0
-14 58 -307 0
14 307 0
-58 307 0
-14 59 -308 0
14 308 0
-59 308 0
-14 60 -309 0
14 309 0
-60 309 0
-14 61 -310 0
14 310 0
-61 310 0
-14 62 -311 0
14 311 0
-62 311 0
-14 63 -312 0
14 312 0
-63 312 0
-14 64 -313 0
14 313 0
-64 313 0
-14 65 -314 0
14 314 0
-65 314 0
-14 66 -315 0
14 315 0
-66 315 0
-14 67 -316 0
14 316 0
-67 316 0
-14 68 -317 0
14 317 0
-68 317 0
-14 69 -318 0
14 318 0
-69 318 0
-14 70 -319 0
14 319 0
-70 319 0
-14 71 -320 0
14 320 0
-71 320 0
-14 72 -321 0
14 321 0
-72 321 0
-14 73 -322 0
14 322 0
-73 322 0
-14 74 -323 0
14 323 0
-74 323 0
-14 75 -324 0
14 324 0
-75 324 0
-14 76 -325 0
14 325 0
-76 325 0
-14 77 -326 0
14 326 0
-77 326 0
78 79 -327 0
-78 327 0
-79 327 0
80 327 -328 0
-327 328 0
-80 328 0
-15 328 -329 0
-328 329 0
15 329 0
78 81 -330 0
-78 330 0
-81 330 0
79 330 -331 0
-330 331 0
-79 331 0
82 331 -332 0
-331 332 0
-82 332 0
-16 332 -333 0
-332 333 0
16 333 0
78 79 -334 0
-78 334 0
-79 334 0
80 334 -335 0
-334 335 0
-80 335 0
-17 335 -336 0
-335 336 0
17 336 0
78 79 -337 0
-78 337 0
-79 337 0
82 337 -338 0
-337 338 0
-82 338 0
-18 338 -339 0
-338 339 0
18 339 0
79 81 -340 0
-81 340 0
-79 340 0
80 340 -341 0
-340 341 0
-80 341 0
-19 341 -342 0
-341 342 0
19 342 0
78 82 -343 0
-78 343 0
-82 343 0
80 343 -344 0
-343 344 0
-80 344 0
-20 344 -345 0
-344 345 0
20 345 0
78 79 -346 0
-78 346 0
-79 346 0
82 346 -347 0
-346 347 0
-82 347 0
-21 347 -348 0
-347 348 0
21 348 0
79 81 -349 0
-81 349 0
-79 349 0
80 349 -350 0
-349 350 0
-80 350 0
-22 350 -351 0
-350 351 0
22 351 0
79 81 -352 0
-81 352 0
-79 352 0
-23 352 -353 0
-352 353 0
23 353 0
78 81 -354 0
-78 354 0
-81 354 0
79 354 -355 0
-354 355 0
-79 355 0
80 355 -356 0
-355 356 0
-80 356 0
-24 356 -357 0
-356 357 0
24 357 0
79 80 -358 0
-79 358 0
-80 358 0
-25 358 -359 0
-358 359 0
25 359 0
81 82 -360 0
-81 360 0
-82 360 0
80 360 -361 0
-360 361 0
-80 361 0
-26 361 -362 0
-361 362 0
26 362 0
78 81 -363 0
-78 363 0
-81 363 0
80 363 -364 0
-363 364 0
-80 364 0
-27 364 -365 0
-364 365 0
27 365 0
78 79 -366 0
-78 366 0
-79 366 0
-28 366 -367 0
-366 367 0
28 367 0
79 82 -368 0
-79 368 0
-82 368 0
-29 368 -369 0
-368 369 0
29 369 0
-79 81 -370 0
-81 370 0
79 370 0
-82 370 -371 0
-370 371 0
82 371 0
-80 371 -372 0
-371 372 0
80 372 0
-30 372 -373 0
-372 373 0
30 373 0
-78 81 -374 0
78 374 0
-81 374 0
-82 374 -375 0
-374 375 0
82 375 0
-80 375 -376 0
-375 376 0
80 376 0
-31 376 -377 0
-376 377 0
31 377 0
-78 81 -378 0
78 378 0
-81 378 0
-79 378 -379 0
-378 379 0
79 379 0
-32 379 -380 0
-379 380 0
32 380 0
-79 81 -381 0
-81 381 0
79 381 0
-80 381 -382 0
-381 382 0
80 382 0
-33 382 -383 0
-382 383 0
33 383 0
-78 81 -384 0
78 384 0
-81 384 0
-79 384 -385 0
-384 385 0
79 385 0
-80 385 -386 0
-385 386 0
80 386 0
-34 386 -387 0
-386 387 0
34 387 0
-78 81 -388 0
78 388 0
-81 388 0
-79 388 -389 0
-388 389 0
79 389 0
-80 389 -390 0
-389 390 0
80 390 0
-35 390 -391 0
-390 391 0
35 391 0
-78 81 -392 0
78 392 0
-81 392 0
-82 392 -393 0
-392 393 0
82 393 0
-80 393 -394 0
-393 394 0
80 394 0
-36 394 -395 0
-394 395 0
36 395 0
-78 81 -396 0
78 396 0
-81 396 0
-79 396 -397 0
-396 397 0
79 397 0
-82 397 -398 0
-397 398 0
82 398 0
-37 398 -399 0
-398 399 0
37 399 0
-79 81 -400 0
-81 400 0
79 400 0
-82 400 -401 0
-400 401 0
82 401 0
-38 401 -402 0
-401 402 0
38 402 0
-78 81 -403 0
78 403 0
-81 403 0
-79 403 -404 0
-403 404 0
79 404 0
-82 404 -405 0
-404 405 0
82 405 0
-80 405 -406 0
-405 406 0
80 406 0
-39 406 -407 0
-406 407 0
39 407 0
78 -81 -408 0
-78 408 0
81 408 0
-79 408 -409 0
-408 409 0
79 409 0
-82 409 -410 0
-409 410 0
82 410 0
-80 410 -411 0
-410 411 0
80 411 0
-40 411 -412 0
-411 412 0
40 412 0
78 -81 -413 0
-78 413 0
81 413 0
-79 413 -414 0
-413 414 0
79 414 0
-80 414 -415 0
-414 415 0
80 415 0
-41 415 -416 0
-415 416 0
41 416 0
78 -81 -417 0
-78 417 0
81 417 0
-79 417 -418 0
-417 418 0
79 418 0
-82 418 -419 0
-418 419 0
82 419 0
-80 419 -420 0
-419 420 0
80 420 0
-42 420 -421 0
-420 421 0
42 421 0
78 -79 -422 0
-78 422 0
79 422 0
-82 422 -423 0
-422 423 0
82 423 0
-80 423 -424 0
-423 424 0
80 424 0
-43 424 -425 0
-424 425 0
43 425 0
78 -81 -426 0
-78 426 0
81 426 0
-79 426 -427 0
-426 427 0
79 427 0
-82 427 -428 0
-427 428 0
82 428 0
-44 428 -429 0
-428 429 0
44 429 0
78 -81 -430 0
-78 430 0
81 430 0
-79 430 -431 0
-430 431 0
79 431 0
-82 431 -432 0
-431 432 0
82 432 0
-45 432 -433 0
-432 433 0
45 433 0
78 -81 -434 0
-78 434 0
81 434 0
-79 434 -435 0
-434 435 0
79 435 0
-82 435 -436 0
-435 436 0
82 436 0
-80 436 -437 0
-436 437 0
80 437 0
-46 437 -438 0
-437 438 0
46 438 0
78 -79 -439 0
-78 439 0
79 439 0
-82 439 -440 0
-439 440 0
82 440 0
-80 440 -441 0
-440 441 0
80 441 0
-47 441 -442 0
-441 442 0
47 442 0
78 -81 -443 0
-78 443 0
81 443 0
-82 443 -444 0
-443 444 0
82 444 0
-80 444 -445 0
-444 445 0
80 445 0
-48 445 -446 0
-445 446 0
48 446 0
-78 -81 -447 0
78 447 0
81 447 0
-79 447 -448 0
-447 448 0
79 448 0
80 448 -449 0
-448 449 0
-80 449 0
-49 449 -450 0
-449 450 0
49 450 0
-78 -81 -451 0
78 451 0
81 451 0
80 451 -452 0
-451 452 0
-80 452 0
-50 452 -453 0
-452 453 0
50 453 0
-81 -82 -454 0
81 454 0
82 454 0
80 454 -455 0
-454 455 0
-80 455 0
-51 455 -456 0
-455 456 0
51 456 0
-79 -81 -457 0
81 457 0
79 457 0
80 457 -458 0
-457 458 0
-80 458 0
-52 458 -459 0
-458 459 0
52 459 0
-78 -79 -460 0
78 460 0
79 460 0
-82 460 -461 0
-460 461 0
82 461 0
80 461 -462 0
-461 462 0
-80 462 0
-53 462 -463 0
-462 463 0
53 463 0
-78 -79 -464 0
78 464 0
79 464 0
-82 464 -465 0
-464 465 0
82 465 0
80 465 -466 0
-465 466 0
-80 466 0
-54 466 -467 0
-466 467 0
54 467 0
-79 -81 -468 0
81 468 0
79 468 0
80 468 -469 0
-468 469 0
-80 469 0
-55 469 -470 0
-469 470 0
55 470 0
-78 -81 -471 0
78 471 0
81 471 0
-79 471 -472 0
-471 472 0
79 472 0
-82 472 -473 0
-472 473 0
82 473 0
80 473 -474 0
-473 474 0
-80 474 0
-56 474 -475 0
-474 475 0
56 475 0
-79 -82 -476 0
79 476 0
82 476 0
80 476 -477 0
-476 477 0
-80 477 0
-57 477 -478 0
-477 478 0
57 478 0
-78 -81 -479 0
78 479 0
81 479 0
-79 479 -480 0
-479 480 0
79 480 0
82 480 -481 0
-480 481 0
-82 481 0
-80 481 -482 0
-481 482 0
80 482 0
-58 482 -483 0
-482 483 0
58 483 0
-79 -81 -484 0
81 484 0
79 484 0
82 484 -485 0
-484 485 0
-82 485 0
-80 485 -486 0
-485 486 0
80 486 0
-59 486 -487 0
-486 487 0
59 487 0
-78 -79 -488 0
78 488 0
79 488 0
82 488 -489 0
-488 489 0
-82 489 0
-60 489 -490 0
-489 490 0
60 490 0
-78 -81 -491 0
78 491 0
81 491 0
-79 491 -492 0
-491 492 0
79 492 0
82 492 -493 0
-492 493 0
-82 493 0
-61 493 -494 0
-493 494 0
61 494 0
-78 -79 -495 0
78 495 0
79 495 0
82 495 -496 0
-495 496 0
-82 496 0
-80 496 -497 0
-496 497 0
80 497 0
-62 497 -498 0
-497 498 0
62 498 0
-78 -81 -499 0
78 499 0
81 499 0
-79 499 -500 0
-499 500 0
79 500 0
82 500 -501 0
-500 501 0
-82 501 0
-80 501 -502 0
-501 502 0
80 502 0
-63 502 -503 0
-502 503 0
63 503 0
-81 82 -504 0
81 504 0
-82 504 0
-80 504 -505 0
-504 505 0
80 505 0
-64 505 -506 0
-505 506 0
64 506 0
-78 -79 -507 0
78 507 0
79 507 0
82 507 -508 0
-507 508 0
-82 508 0
-80 508 -509 0
-508 509 0
80 509 0
-65 509 -510 0
-509 510 0
65 510 0
-78 -79 -511 0
78 511 0
79 511 0
82 511 -512 0
-511 512 0
-82 512 0
-80 512 -513 0
-512 513 0
80 513 0
-66 513 -514 0
-513 514 0
66 514 0
-79 -81 -515 0
81 515 0
79 515 0
82 515 -516 0
-515 516 0
-82 516 0
-67 516 -517 0
-516 517 0
67 517 0
79 -81 -518 0
81 518 0
-79 518 0
-82 518 -519 0
-518 519 0
82 519 0
-68 519 -520 0
-519 520 0
68 520 0
79 -81 -521 0
81 521 0
-79 521 0
-82 521 -522 0
-521 522 0
82 522 0
-80 522 -523 0
-522 523 0
80 523 0
-69 523 -524 0
-523 524 0
69 524 0
-78 79 -525 0
78 525 0
-79 525 0
-82 525 -526 0
-525 526 0
82 526 0
-80 526 -527 0
-526 527 0
80 527 0
-70 527 -528 0
-527 528 0
70 528 0
-78 -81 -529 0
78 529 0
81 529 0
79 529 -530 0
-529 530 0
-79 530 0
-82 530 -531 0
-530 531 0
82 531 0
-71 531 -532 0
-531 532 0
71 532 0
-78 79 -533 0
78 533 0
-79 533 0
-82 533 -534 0
-533 534 0
82 534 0
-80 534 -535 0
-534 535 0
80 535 0
-72 535 -536 0
-535 536 0
72 536 0
-78 79 -537 0
78 537 0
-79 537 0
-80 537 -538 0
-537 538 0
80 538 0
-73 538 -539 0
-538 539 0
73 539 0
-78 -81 -540 0
78 540 0
81 540 0
79 540 -541 0
-540 541 0
-79 541 0
-80 541 -542 0
-541 542 0
80 542 0
-74 542 -543 0
-542 543 0
74 543 0
79 -82 -544 0
-79 544 0
82 544 0
-80 544 -545 0
-544 545 0
80 545 0
-75 545 -546 0
-545 546 0
75 546 0
79 -82 -547 0
-79 547 0
82 547 0
-76 547 -548 0
-547 548 0
76 548 0
79 -82 -549 0
-79 549 0
82 549 0
-80 549 -550 0
-549 550 0
80 550 0
-77 550 -551 0
-550 551 0
77 551 0
-8 83 -552 0
8 552 0
-83 552 0
84 552 -553 0
-552 553 0
-84 553 0
85 553 -554 0
-553 554 0
-85 554 0
86 554 -555 0
-554 555 0
-86 555 0
87 555 -556 0
-555 556 0
-87 556 0
88 556 -557 0
-556 557 0
-88 557 0
89 557 -558 0
-557 558 0
-89 558 0
90 558 -559 0
-558 559 0
-90 559 0
91 559 -560 0
-559 560 0
-91 560 0
92 560 -561 0
-560 561 0
-92 561 0
-3 -83 -562 0
3 562 0
83 562 0
80 -83 -563 0
-80 563 0
83 563 0
-80 -84 -564 0
80 564 0
84 564 0
3 -84 -565 0
-3 565 0
84 565 0
-5 -85 -566 0
5 566 0
85 566 0
82 -85 -567 0
-82 567 0
85 567 0
-82 -86 -568 0
82 568 0
86 568 0
5 -86 -569 0
-5 569 0
86 569 0
-2 -87 -570 0
2 570 0
87 570 0
79 -87 -571 0
-79 571 0
87 571 0
-79 -88 -572 0
79 572 0
88 572 0
2 -88 -573 0
-2 573 0
88 573 0
-4 -89 -574 0
4 574 0
89 574 0
81 -89 -575 0
-81 575 0
89 575 0
-81 -90 -576 0
81 576 0
90 576 0
4 -90 -577 0
-4 577 0
90 577 0
-1 -91 -578 0
1 578 0
91 578 0
78 -91 -579 0
-78 579 0
91 579 0
-78 -92 -580 0
78 580 0
92 580 0
1 -92 -581 0
-1 581 0
92 581 0
3 -80 -582 0
-3 582 0
80 582 0
-9 582 -583 0
-582 583 0
9 583 0
5 -82 -584 0
-5 584 0
82 584 0
-10 584 -585 0
-584 585 0
10 585 0
2 -79 -586 0
-2 586 0
79 586 0
-11 586 -587 0
-586 587 0
11 587 0
4 -81 -588 0
-4 588 0
81 588 0
-12 588 -589 0
-588 589 0
12 589 0
1 -78 -590 0
-1 590 0
78 590 0
-13 590 -591 0
-590 591 0
13 591 0
-7 14 -592 0
7 592 0
-14 592 0
94 592 -593 0
-592 593 0
-94 593 0
97 593 -594 0
-593 594 0
-97 594 0
99 594 -595 0
-594 595 0
-99 595 0
101 595 -596 0
-595 596 0
-101 596 0
103 596 -597 0
-596 597 0
-103 597 0
105 597 -598 0
-597 598 0
-105 598 0
107 598 -599 0
-598 599 0
-107 599 0
109 599 -600 0
-599 600 0
-109 600 0
110 600 -601 0
-600 601 0
-110 601 0
113 601 -602 0
-601 602 0
-113 602 0
114 602 -603 0
-602 603 0
-114 603 0
116 603 -604 0
-603 604 0
-116 604 0
118 604 -605 0
-604 605 0
-118 605 0
119 605 -606 0
-605 606 0
-119 606 0
120 606 -607 0
-606 607 0
-120 607 0
123 607 -608 0
-607 608 0
-123 608 0
126 608 -609 0
-608 609 0
-126 609 0
128 609 -610 0
-609 610 0
-128 610 0
130 610 -611 0
-610 611 0
-130 611 0
133 611 -612 0
-611 612 0
-133 612 0
136 612 -613 0
-612 613 0
-136 613 0
139 613 -614 0
-613 614 0
-139 614 0
142 614 -615 0
-614 615 0
-142 615 0
144 615 -616 0
-615 616 0
-144 616 0
148 616 -617 0
-616 617 0
-148 617 0
152 617 -618 0
-617 618 0
-152 618 0
155 618 -619 0
-618 619 0
-155 619 0
159 619 -620 0
-619 620 0
-159 620 0
162 620 -621 0
-620 621 0
-162 621 0
165 621 -622 0
-621 622 0
-165 622 0
168 622 -623 0
-622 623 0
-168 623 0
172 623 -624 0
-623 624 0
-172 624 0
175 624 -625 0
-624 625 0
-175 625 0
178 625 -626 0
-625 626 0
-178 626 0
181 626 -627 0
-626 627 0
-181 627 0
183 627 -628 0
-627 628 0
-183 628 0
185 628 -629 0
-628 629 0
-185 629 0
187 629 -630 0
-629 630 0
-187 630 0
190 630 -631 0
-630 631 0
-190 631 0
193 631 -632 0
-631 632 0
-193 632 0
195 632 -633 0
-632 633 0
-195 633 0
199 633 -634 0
-633 634 0
-199 634 0
201 634 -635 0
-634 635 0
-201 635 0
205 635 -636 0
-635 636 0
-205 636 0
208 636 -637 0
-636 637 0
-208 637 0
210 637 -638 0
-637 638 0
-210 638 0
213 638 -639 0
-638 639 0
-213 639 0
216 639 -640 0
-639 640 0
-216 640 0
220 640 -641 0
-640 641 0
-220 641 0
222 641 -642 0
-641 642 0
-222 642 0
225 642 -643 0
-642 643 0
-225 643 0
228 643 -644 0
-643 644 0
-228 644 0
230 644 -645 0
-644 645 0
-230 645 0
232 645 -646 0
-645 646 0
-232 646 0
235 646 -647 0
-646 647 0
-235 647 0
238 647 -648 0
-647 648 0
-238 648 0
241 648 -649 0
-648 649 0
-241 649 0
244 649 -650 0
-649 650 0
-244 650 0
246 650 -651 0
-650 651 0
-246 651 0
249 651 -652 0
-651 652 0
-249 652 0
251 652 -653 0
-652 653 0
-251 653 0
252 653 -654 0
-653 654 0
-252 654 0
254 654 -655 0
-654 655 0
-254 655 0
-256 -257 656 0
256 -656 0
257 -656 0
-258 -656 657 0
656 -657 0
258 -657 0
-259 -657 658 0
657 -658 0
259 -658 0
-260 -658 659 0
658 -659 0
260 -659 0
-261 -659 660 0
659 -660 0
261 -660 0
-262 -660 661 0
660 -661 0
262 -661 0
-263 -661 662 0
661 -662 0
263 -662 0
-264 -662 663 0
662 -663 0
264 -663 0
-265 -663 664 0
663 -664 0
265 -664 0
-266 -664 665 0
664 -665 0
266 -665 0
-267 -665 666 0
665 -666 0
267 -666 0
-268 -666 667 0
666 -667 0
268 -667 0
-269 -667 668 0
667 -668 0
269 -668 0
-270 -668 669 0
668 -669 0
270 -669 0
-271 -669 670 0
669 -670 0
271 -670 0
-272 -670 671 0
670 -671 0
272 -671 0
-273 -671 672 0
671 -672 0
273 -672 0
-274 -672 673 0
672 -673 0
274 -673 0
-275 -673 674 0
673 -674 0
275 -674 0
-276 -674 675 0
674 -675 0
276 -675 0
-277 -675 676 0
675 -676 0
277 -676 0
-278 -676 677 0
676 -677 0
278 -677 0
-279 -677 678 0
677 -678 0
279 -678 0
-280 -678 679 0
678 -679 0
280 -679 0
-281 -679 680 0
679 -680 0
281 -680 0
-282 -680 681 0
680 -681 0
282 -681 0
-283 -681 682 0
681 -682 0
283 -682 0
-284 -682 683 0
682 -683 0
284 -683 0
-285 -683 684 0
683 -684 0
285 -684 0
-286 -684 685 0
684 -685 0
286 -685 0
-287 -685 686 0
685 -686 0
287 -686 0
-288 -686 687 0
686 -687 0
288 -687 0
-289 -687 688 0
687 -688 0
289 -688 0
-290 -688 689 0
688 -689 0
290 -689 0
-291 -689 690 0
689 -690 0
291 -690 0
-292 -690 691 0
690 -691 0
292 -691 0
-293 -691 692 0
691 -692 0
293 -692 0
-294 -692 693 0
692 -693 0
294 -693 0
-295 -693 694 0
693 -694 0
295 -694 0
-296 -694 695 0
694 -695 0
296 -695 0
-297 -695 696 0
695 -696 0
297 -696 0
-298 -696 697 0
696 -697 0
298 -697 0
-299 -697 698 0
697 -698 0
299 -698 0
-300 -698 699 0
698 -699 0
300 -699 0
-301 -699 700 0
699 -700 0
301 -700 0
-302 -700 701 0
700 -701 0
302 -701 0
-303 -701 702 0
701 -702 0
303 -702 0
-304 -702 703 0
702 -703 0
304 -703 0
-305 -703 704 0
703 -704 0
305 -704 0
-306 -704 705 0
704 -705 0
306 -705 0
-307 -705 706 0
705 -706 0
307 -706 0
-308 -706 707 0
706 -707 0
308 -707 0
-309 -707 708 0
707 -708 0
309 -708 0
-310 -708 709 0
708 -709 0
310 -709 0
-311 -709 710 0
709 -710 0
311 -710 0
-312 -710 711 0
710 -711 0
312 -711 0
-313 -711 712 0
711 -712 0
313 -712 0
-314 -712 713 0
712 -713 0
314 -713 0
-315 -713 714 0
713 -714 0
315 -714 0
-316 -714 715 0
714 -715 0
316 -715 0
-317 -715 716 0
715 -716 0
317 -716 0
-318 -716 717 0
716 -717 0
318 -717 0
-319 -717 718 0
717 -718 0
319 -718 0
-320 -718 719 0
718 -719 0
320 -719 0
-321 -719 720 0
719 -720 0
321 -720 0
-322 -720 721 0
720 -721 0
322 -721 0
-323 -721 722 0
721 -722 0
323 -722 0
-324 -722 723 0
722 -723 0
324 -723 0
-325 -723 724 0
723 -724 0
325 -724 0
-326 -724 725 0
724 -725 0
326 -725 0
-329 -725 726 0
725 -726 0
329 -726 0
-333 -726 727 0
726 -727 0
333 -727 0
-336 -727 728 0
727 -728 0
336 -728 0
-339 -728 729 0
728 -729 0
339 -729 0
-342 -729 730 0
729 -730 0
342 -730 0
-345 -730 731 0
730 -731 0
345 -731 0
-348 -731 732 0
731 -732 0
348 -732 0
-351 -732 733 0
732 -733 0
351 -733 0
-353 -733 734 0
733 -734 0
353 -734 0
-357 -734 735 0
734 -735 0
357 -735 0
-359 -735 736 0
735 -736 0
359 -736 0
-362 -736 737 0
736 -737 0
362 -737 0
-365 -737 738 0
737 -738 0
365 -738 0
-367 -738 739 0
738 -739 0
367 -739 0
-369 -739 740 0
739 -740 0
369 -740 0
-373 -740 741 0
740 -741 0
373 -741 0
-377 -741 742 0
741 -742 0
377 -742 0
-380 -742 743 0
742 -743 0
380 -743 0
-383 -743 744 0
743 -744 0
383 -744 0
-387 -744 745 0
744 -745 0
387 -745 0
-391 -745 746 0
745 -746 0
391 -746 0
-395 -746 747 0
746 -747 0
395 -747 0
-399 -747 748 0
747 -748 0
399 -748 0
-402 -748 749 0
748 -749 0
402 -749 0
-407 -749 750 0
749 -750 0
407 -750 0
-412 -750 751 0
750 -751 0
412 -751 0
-416 -751 752 0
751 -752 0
416 -752 0
-421 -752 753 0
752 -753 0
421 -753 0
-425 -753 754 0
753 -754 0
425 -754 0
-429 -754 755 0
754 -755 0
429 -755 0
-433 -755 756 0
755 -756 0
433 -756 0
-438 -756 757 0
756 -757 0
438 -757 0
-442 -757 758 0
757 -758 0
442 -758 0
-446 -758 759 0
758 -759 0
446 -759 0
-450 -759 760 0
759 -760 0
450 -760 0
-453 -760 761 0
760 -761 0
453 -761 0
-456 -761 762 0
761 -762 0
456 -762 0
-459 -762 763 0
762 -763 0
459 -763 0
-463 -763 764 0
763 -764 0
463 -764 0
-467 -764 765 0
764 -765 0
467 -765 0
-470 -765 766 0
765 -766 0
470 -766 0
-475 -766 767 0
766 -767 0
475 -767 0
-478 -767 768 0
767 -768 0
478 -768 0
-483 -768 769 0
768 -769 0
483 -769 0
-487 -769 770 0
769 -770 0
487 -770 0
-490 -770 771 0
770 -771 0
490 -771 0
-494 -771 772 0
771 -772 0
494 -772 0
-498 -772 773 0
772 -773 0
498 -773 0
-503 -773 774 0
773 -774 0
503 -774 0
-506 -774 775 0
774 -775 0
506 -775 0
-510 -775 776 0
775 -776 0
510 -776 0
-514 -776 777 0
776 -777 0
514 -777 0
-517 -777 778 0
777 -778 0
517 -778 0
-520 -778 779 0
778 -779 0
520 -779 0
-524 -779 780 0
779 -780 0
524 -780 0
-528 -780 781 0
780 -781 0
528 -781 0
-532 -781 782 0
781 -782 0
532 -782 0
-536 -782 783 0
782 -783 0
536 -783 0
-539 -783 784 0
783 -784 0
539 -784 0
-543 -784 785 0
784 -785 0
543 -785 0
-546 -785 786 0
785 -786 0
546 -786 0
-548 -786 787 0
786 -787 0
548 -787 0
-551 -787 788 0
787 -788 0
551 -788 0
-561 -788 789 0
788 -789 0
561 -789 0
-562 -789 790 0
789 -790 0
562 -790 0
-563 -790 791 0
790 -791 0
563 -791 0
-564 -791 792 0
791 -792 0
564 -792 0
-565 -792 793 0
792 -793 0
565 -793 0
-566 -793 794 0
793 -794 0
566 -794 0
-567 -794 795 0
794 -795 0
567 -795 0
-568 -795 796 0
795 -796 0
568 -796 0
-569 -796 797 0
796 -797 0
569 -797 0
-570 -797 798 0
797 -798 0
570 -798 0
-571 -798 799 0
798 -799 0
571 -799 0
-572 -799 800 0
799 -800 0
572 -800 0
-573 -800 801 0
800 -801 0
573 -801 0
-574 -801 802 0
801 -802 0
574 -802 0
-575 -802 803 0
802 -803 0
575 -803 0
-576 -803 804 0
803 -804 0
576 -804 0
-577 -804 805 0
804 -805 0
577 -805 0
-578 -805 806 0
805 -806 0
578 -806 0
-579 -806 807 0
806 -807 0
579 -807 0
-580 -807 808 0
807 -808 0
580 -808 0
-581 -808 809 0
808 -809 0
581 -809 0
-583 -809 810 0
809 -810 0
583 -810 0
-585 -810 811 0
810 -811 0
585 -811 0
-587 -811 812 0
811 -812 0
587 -812 0
-589 -812 813 0
812 -813 0
589 -813 0
-591 -813 814 0
813 -814 0
591 -814 0
-655 -814 815 0
814 -815 0
655 -815 0
815 0
